-0.40897, -0.51142, 0.13236, 0.43352, -0.26055, 0.51723, -0.06409, 0.16193
-0.20694, -0.48153, 0.30731, -0.10825, 0.40656, -0.51354, 0.21976, 0.37662
-0.29259, 0.43137, 0.21473, 0.22511, -0.00996, -0.24548, -0.67098, 0.34779
0.20436, -0.07972, -0.61520, 0.61356, -0.07952, -0.36592, 0.11248, 0.20996
0.17657, 0.05075, 0.51056, 0.14346, -0.69716, -0.35163, 0.25879, -0.09135
0.10701, -0.15474, 0.26421, 0.45385, 0.37946, -0.13674, -0.22274, -0.69030
0.70351, -0.40327, 0.08935, -0.14716, -0.07334, 0.08519, -0.49310, 0.23882
-0.35355, -0.35355, -0.35355, -0.35355, -0.35355, -0.35355, -0.35355, -0.35355

