-0.12352, -0.12352, -0.12352, -0.12352, 0.00795, 0.00959, -0.00411, -0.06404, 0.11583, 0.09306, 0.08867, 0.11808, 0.05172, 0.07823, 0.01412, -0.03506, 0.05380, 0.04382, 0.10059, 0.09155, 0.11794, 0.09724, 0.08890, 0.05939, -0.00959, -0.02240, 0.01014, -0.02018, -0.40235, -0.38758, -0.42720, -0.40240, 0.20662, 0.17719, 0.17982, 0.20187, 0.06501, 0.07249, 0.07556, 0.04982
0.38153, 0.38153, 0.38153, 0.38153, -0.11705, -0.11684, -0.12929, -0.10680, -0.00867, -0.00383, -0.01473, -0.02510, 0.14782, 0.08969, 0.15931, 0.14336, -0.15153, -0.14973, -0.07288, -0.12307, -0.07285, -0.08576, -0.08408, -0.09085, -0.13166, -0.09671, -0.08661, -0.06933, -0.14770, -0.15530, -0.06869, -0.04780, 0.14148, 0.12508, 0.10264, 0.11792, -0.09593, -0.10165, -0.08707, -0.11190
0.22342, 0.22342, 0.22342, 0.22342, 0.15758, 0.13031, 0.08431, 0.07111, 0.04570, -0.02503, 0.01097, -0.03773, -0.16370, -0.08620, -0.23799, -0.23688, 0.14015, 0.03477, 0.05435, 0.04456, 0.07429, -0.07745, 0.04926, -0.06274, 0.08682, 0.09390, 0.03350, -0.03355, -0.16316, -0.18782, -0.14588, -0.16322, -0.27146, -0.28609, -0.28668, -0.24583, 0.18194, 0.16727, 0.18547, 0.17144
0.06511, 0.06511, 0.06511, 0.06511, -0.09158, -0.05478, -0.10996, -0.15683, 0.12489, 0.12793, 0.09004, 0.12228, -0.33219, -0.24118, -0.33355, -0.26289, -0.00950, -0.07001, -0.01843, 0.02343, 0.19018, 0.23506, 0.20148, 0.20944, -0.27627, -0.28513, -0.19811, -0.18344, 0.15705, 0.15628, 0.01410, 0.10764, 0.11790, 0.12209, 0.12345, 0.08390, 0.03569, 0.02856, 0.06178, 0.03021
0.06976, 0.06976, 0.06976, 0.06976, -0.00200, -0.08111, 0.21331, 0.24774, -0.29223, -0.31626, -0.23795, -0.22976, -0.24485, -0.10915, -0.27559, -0.09255, -0.00426, 0.13528, -0.03620, 0.02287, -0.02007, 0.11632, 0.04478, 0.22744, 0.22200, 0.14197, 0.04236, 0.27347, -0.02766, -0.06937, -0.01806, -0.07176, 0.17922, 0.18879, 0.13333, 0.14463, -0.14468, -0.15653, -0.12606, -0.05645
0.03379, 0.03379, 0.03379, 0.03379, -0.10607, -0.14752, 0.20597, 0.18274, 0.20481, 0.26963, 0.28510, 0.31368, 0.00727, -0.09166, 0.06671, -0.00223, -0.10212, 0.20419, -0.08398, -0.01317, -0.11943, 0.16623, -0.02135, 0.24600, -0.00247, -0.02149, -0.03095, 0.24726, -0.00688, 0.02200, -0.17823, -0.09066, -0.19231, -0.12966, -0.11867, -0.20361, -0.25534, -0.18587, -0.26078, -0.19231
0.02139, 0.02139, 0.02139, 0.02139, 0.00195, 0.00734, 0.09105, 0.03739, -0.23225, -0.19852, -0.14520, -0.03167, 0.01489, -0.10472, 0.20150, 0.43092, 0.23167, 0.22837, -0.04194, 0.23719, 0.03837, 0.12978, 0.04799, 0.14454, -0.26441, -0.34201, -0.02286, -0.19256, 0.11511, 0.08714, -0.02379, -0.34182, -0.04811, 0.04516, -0.12953, -0.19557, 0.02888, 0.04301, -0.00575, 0.07291
0.01682, 0.01682, 0.01682, 0.01682, -0.28655, -0.16034, -0.17796, -0.27127, 0.08472, -0.01686, -0.11288, -0.05728, -0.13730, -0.15904, -0.03488, 0.24997, -0.13907, -0.02915, 0.61870, 0.15877, 0.00755, 0.02306, 0.12834, -0.02265, 0.08791, 0.07245, 0.13538, 0.25751, -0.01571, 0.07197, 0.00962, -0.06590, -0.05398, -0.09723, -0.03811, -0.05426, 0.07523, 0.14077, -0.01647, -0.24231
0.01572, 0.01572, 0.01572, 0.01572, -0.07181, -0.04446, -0.03071, -0.07318, -0.05644, -0.02871, 0.03650, 0.02743, -0.01088, 0.19490, 0.02104, -0.33968, 0.30070, 0.34948, 0.24304, 0.41773, -0.20415, -0.16094, -0.18833, -0.07227, -0.15214, -0.23001, 0.03755, 0.04104, -0.09197, -0.16128, 0.04459, 0.34298, 0.07513, 0.06666, -0.06640, 0.00930, -0.10258, -0.08670, -0.06429, -0.03405
-0.00303, -0.00303, -0.00303, -0.00303, -0.07300, -0.11304, -0.03154, -0.02946, 0.02691, 0.06292, 0.15261, 0.10499, -0.19808, -0.65223, 0.11519, 0.20550, 0.03873, 0.16526, -0.23640, 0.08685, -0.05502, -0.13542, -0.15000, -0.21872, 0.09960, 0.18581, 0.13096, -0.05869, -0.12526, -0.13059, 0.04007, 0.18567, 0.10170, 0.23637, -0.00283, -0.02986, -0.00151, 0.07414, 0.09275, 0.14775
-0.02264, -0.02264, -0.02264, -0.02264, -0.02877, 0.02114, -0.05583, 0.03769, 0.07054, 0.02412, 0.06859, 0.04877, -0.24443, 0.37941, -0.48757, 0.54559, -0.04450, 0.02037, -0.13859, -0.05935, -0.14566, 0.01227, -0.13023, 0.05706, -0.13895, -0.07821, 0.08918, 0.11948, -0.13931, -0.11274, -0.04190, 0.23788, -0.04560, 0.02865, -0.00811, -0.06527, 0.08528, 0.00797, 0.08209, 0.11949
0.00850, 0.00850, 0.00850, 0.00850, -0.07797, -0.20275, 0.10902, 0.18013, 0.16250, 0.04319, 0.14858, -0.04464, -0.10672, 0.10178, -0.17634, 0.02017, 0.06737, 0.10403, 0.11397, 0.01590, -0.18251, -0.31603, -0.21531, -0.27800, 0.06817, 0.04533, -0.29942, -0.03281, 0.31641, 0.30974, -0.16356, -0.36273, 0.18285, 0.07428, 0.01658, 0.10449, 0.04999, 0.05350, 0.08424, 0.05253
-0.02053, -0.02053, -0.02053, -0.02053, -0.16024, -0.16503, 0.00183, 0.28856, -0.07565, -0.05001, 0.03567, -0.12174, 0.10957, -0.01032, 0.11688, 0.04268, -0.04084, -0.03406, 0.36052, -0.16822, -0.03120, 0.15481, -0.06052, 0.23019, 0.07566, 0.13449, -0.42944, -0.27217, -0.13425, -0.06032, -0.14567, 0.31489, -0.05254, 0.16641, -0.08022, -0.21402, 0.01448, -0.00433, 0.18585, 0.16039
-0.01598, -0.01598, -0.01598, -0.01598, 0.33324, 0.34318, 0.20405, 0.36964, 0.06495, 0.06168, -0.00302, 0.02024, -0.21727, -0.21866, 0.10969, 0.05796, -0.11494, -0.29616, 0.30698, -0.03365, -0.23842, -0.12872, -0.03266, -0.06488, -0.18809, -0.26700, -0.00008, 0.02559, -0.06929, -0.09095, 0.05774, 0.03839, 0.06800, 0.05621, 0.09259, 0.01020, 0.09077, -0.00697, -0.06790, -0.20855
0.02161, 0.02161, 0.02161, 0.02161, -0.05610, 0.09369, -0.08334, -0.06725, 0.01824, 0.06424, -0.06932, 0.24452, -0.13553, 0.07688, -0.08660, -0.04845, 0.21437, -0.11443, 0.17305, -0.10252, -0.21090, 0.13278, -0.29782, 0.19078, 0.14308, 0.22900, 0.33416, -0.47442, 0.04913, 0.01499, 0.17384, -0.23108, -0.07778, 0.18951, -0.00012, -0.02325, -0.00157, -0.15633, -0.13838, -0.05350
-0.01916, -0.01916, -0.01916, -0.01916, -0.15986, -0.13967, 0.00372, 0.10126, 0.05555, 0.03210, 0.04657, -0.06670, -0.03649, 0.14122, 0.10617, -0.23484, -0.24488, -0.11614, -0.06002, -0.03111, 0.07328, 0.03183, -0.13197, 0.04206, -0.13524, -0.11217, 0.14500, 0.28357, -0.02977, -0.08660, 0.38964, -0.25030, 0.07938, 0.41001, -0.27853, -0.25972, 0.10566, 0.11826, 0.16145, 0.12392
-0.01210, -0.01210, -0.01210, -0.01210, -0.12753, -0.23845, 0.17576, 0.08941, 0.00392, 0.01365, 0.04422, 0.04904, -0.09445, -0.01204, 0.05036, 0.04930, -0.02624, 0.08908, 0.07560, -0.01022, 0.04479, 0.01120, -0.10296, 0.04285, -0.09460, 0.00200, -0.14176, -0.07595, -0.10064, -0.26370, 0.53663, -0.15044, -0.09231, -0.46296, 0.30976, 0.23728, 0.00600, -0.05682, 0.12295, 0.14567
0.00406, 0.00406, 0.00406, 0.00406, -0.12266, -0.04077, -0.06140, 0.04976, -0.09916, -0.07607, -0.07200, 0.10087, 0.30055, -0.15294, -0.10056, -0.11920, 0.19058, -0.11291, -0.16426, 0.03695, -0.27984, 0.03126, -0.20647, 0.19761, -0.27877, 0.18935, -0.05858, 0.21809, 0.04640, 0.00442, -0.07227, 0.00387, -0.08261, -0.03431, 0.30520, -0.08276, 0.37095, 0.33276, 0.02438, -0.20169
0.00743, 0.00743, 0.00743, 0.00743, -0.19816, -0.19149, 0.01229, 0.05846, -0.13777, -0.03495, -0.04758, 0.13195, -0.33463, 0.12132, 0.36361, -0.10400, 0.09746, -0.25756, -0.07583, -0.06062, -0.11587, -0.05388, 0.03105, 0.06345, 0.16769, -0.23274, 0.29427, 0.09578, 0.05309, 0.13719, -0.31065, 0.08780, 0.02050, -0.18970, 0.20613, -0.06575, 0.09477, -0.09682, 0.24484, 0.19663
-0.00625, -0.00625, -0.00625, -0.00625, -0.01861, -0.10094, 0.03291, 0.04699, -0.19013, 0.06887, 0.08555, 0.09659, 0.46588, -0.24700, -0.34097, 0.02172, 0.14129, -0.05296, 0.23481, -0.30023, 0.02528, -0.25331, 0.08561, 0.05510, -0.07140, -0.23205, 0.30118, 0.08687, 0.00541, 0.03953, 0.00962, -0.03493, 0.03550, 0.00538, -0.02221, 0.02656, -0.18838, -0.15763, 0.16110, 0.20397
-0.00757, -0.00757, -0.00757, -0.00757, 0.01648, -0.03218, -0.09874, 0.08426, 0.10873, -0.05264, -0.17378, 0.05200, -0.04920, -0.05626, 0.12268, -0.01818, -0.03214, 0.12821, -0.00234, -0.19764, -0.16800, 0.08174, -0.03167, 0.17934, -0.29238, 0.16785, 0.11251, 0.00623, -0.00096, 0.04389, -0.08287, 0.04746, 0.36618, -0.26828, -0.52845, 0.38950, 0.05605, 0.03848, 0.09544, 0.01893
0.01350, 0.01350, 0.01350, 0.01350, -0.08422, 0.06199, 0.07456, 0.11009, 0.22028, -0.02009, -0.06258, -0.35877, 0.06112, -0.02483, 0.00157, -0.12081, -0.28006, 0.37908, 0.04408, -0.16399, -0.02095, 0.20857, -0.16764, -0.14208, -0.15961, -0.10134, 0.38172, -0.18647, -0.06728, 0.18576, -0.15185, 0.03271, -0.15786, -0.01196, 0.28659, -0.00182, -0.07152, 0.18005, 0.02889, 0.04466
-0.00002, -0.00002, -0.00002, -0.00002, 0.19004, 0.16443, -0.11718, -0.36462, 0.10935, -0.02158, 0.24793, -0.34514, -0.14551, -0.04048, 0.16105, 0.00985, 0.27889, 0.18987, 0.04585, -0.37754, -0.18005, 0.01014, -0.01455, 0.17729, -0.04951, 0.04442, -0.12647, 0.23121, 0.00204, -0.00780, 0.07212, -0.10665, 0.08155, 0.00197, 0.13857, -0.18941, -0.00947, -0.21223, 0.16746, -0.01574
0.01526, 0.01526, 0.01526, 0.01526, 0.08022, 0.27783, -0.11370, -0.14490, -0.37892, -0.11419, -0.06865, 0.49883, -0.09493, 0.01873, 0.05147, -0.06926, -0.33314, 0.27979, 0.15825, -0.16264, 0.00821, 0.03570, -0.16831, -0.12297, -0.06317, 0.04661, -0.18957, 0.17938, -0.00222, 0.11504, -0.04628, -0.06430, -0.12582, 0.06972, 0.07604, 0.03940, -0.01571, 0.01029, 0.06612, 0.20604
0.00046, 0.00046, 0.00046, 0.00046, 0.02390, 0.04929, -0.09403, 0.10357, 0.00689, 0.00878, 0.03749, -0.09441, -0.05107, 0.01419, 0.02857, 0.00342, -0.04027, -0.21155, 0.06838, 0.32448, 0.10127, -0.03171, 0.04917, -0.05781, -0.51615, 0.47957, 0.09505, 0.05716, 0.08847, 0.04448, -0.11745, -0.05333, -0.06265, -0.00396, 0.12364, -0.10119, -0.24630, -0.33203, 0.08818, 0.21609
0.00648, 0.00648, 0.00648, 0.00648, 0.04494, 0.14668, 0.04926, -0.21421, 0.27583, -0.07986, -0.14540, -0.06052, 0.22803, -0.15943, -0.07601, 0.00350, -0.21927, -0.17711, -0.05396, 0.35649, -0.38344, 0.18169, -0.17113, 0.14641, 0.24316, -0.16979, -0.12045, 0.07479, -0.00127, 0.04986, -0.00039, -0.04943, -0.03160, -0.04125, -0.03924, 0.09648, -0.07300, -0.16028, 0.17211, 0.33188
-0.00064, -0.00064, -0.00064, -0.00064, -0.06543, 0.05804, 0.12616, -0.01199, 0.16980, -0.20693, -0.07464, 0.14200, 0.11081, -0.05152, -0.08277, 0.00812, 0.06892, -0.04159, 0.06053, -0.05559, 0.30912, 0.23118, -0.28108, -0.23999, 0.01348, -0.02644, -0.00377, 0.04816, -0.03543, 0.02240, -0.01723, 0.06454, 0.47491, -0.21741, 0.05605, -0.36666, 0.20831, -0.25863, -0.16463, 0.03173
-0.00832, -0.00832, -0.00832, -0.00832, 0.02409, -0.12488, 0.60234, -0.37770, 0.23353, -0.11635, -0.28501, 0.11779, -0.04779, 0.04687, 0.06220, 0.00420, 0.00960, -0.04168, 0.05924, -0.17113, 0.01688, -0.23529, 0.06232, 0.09297, -0.17763, 0.11458, -0.01613, -0.01475, 0.13898, -0.13551, -0.08240, 0.12464, -0.08520, 0.16190, 0.01017, -0.04423, -0.06106, 0.14155, -0.12645, 0.15263
0.00260, 0.00260, 0.00260, 0.00260, 0.05970, -0.02726, 0.22342, -0.17283, -0.32907, 0.19193, 0.12623, -0.00415, 0.03222, 0.09051, -0.08974, -0.03512, -0.27754, 0.04924, -0.02223, 0.11270, -0.34343, 0.04645, 0.25717, -0.01049, 0.00216, 0.13265, 0.07016, -0.23086, -0.02410, 0.00563, 0.05961, -0.02503, 0.43231, -0.16338, 0.05882, -0.33057, -0.08367, 0.16353, 0.11068, -0.06606
-0.00590, -0.00590, -0.00590, -0.00590, 0.04582, -0.07906, -0.30488, 0.19816, 0.32570, -0.18290, -0.26528, 0.19940, 0.06117, 0.01429, -0.01037, -0.04354, -0.13764, 0.27698, -0.05888, -0.02130, -0.17962, -0.27474, 0.44445, 0.05493, 0.03398, 0.01140, 0.00067, -0.10004, -0.00105, -0.05576, 0.10262, -0.03829, 0.02158, 0.05701, 0.15719, -0.21828, 0.20251, -0.22588, -0.01792, 0.03117
-0.00327, -0.00327, -0.00327, -0.00327, -0.17042, 0.03612, 0.17932, -0.06368, -0.02307, -0.53529, 0.56877, 0.02270, 0.03976, 0.01072, -0.00158, -0.03582, -0.07127, -0.07010, 0.02178, 0.00081, -0.16255, 0.08347, 0.23963, -0.10987, -0.07008, 0.03368, 0.09245, -0.08157, -0.07398, 0.07560, 0.02062, 0.00961, -0.12575, 0.06102, -0.10721, 0.18264, 0.26977, -0.12342, -0.14037, 0.03059
0.00156, 0.00156, 0.00156, 0.00156, 0.40880, -0.45327, -0.09290, 0.01409, -0.00514, 0.00466, -0.07688, 0.06820, 0.01029, 0.01552, -0.01227, -0.01452, 0.16166, -0.06853, 0.08013, -0.10219, -0.24030, 0.49008, 0.13027, -0.41217, -0.04461, -0.01683, 0.00849, 0.09947, 0.10124, -0.10972, 0.01469, 0.00272, -0.10215, 0.07805, -0.00208, 0.00825, -0.04218, 0.04892, -0.07373, 0.11768
-0.00140, -0.00140, -0.00140, -0.00140, 0.38681, -0.26040, -0.14233, -0.07091, -0.08780, -0.06949, 0.22875, -0.09123, 0.02128, -0.03024, 0.01088, 0.00754, -0.32305, 0.05698, 0.07846, 0.09914, 0.16388, -0.13254, -0.26230, 0.28635, 0.05027, -0.04784, 0.14787, -0.08197, 0.39332, -0.27273, -0.15444, 0.04056, 0.01402, -0.06479, 0.02190, -0.00146, 0.23235, -0.04367, -0.12024, 0.02266
-0.00059, -0.00059, -0.00059, -0.00059, 0.13080, -0.02134, -0.24141, 0.08029, 0.16326, -0.38802, 0.17520, 0.11006, -0.05506, 0.02842, 0.02462, -0.00527, 0.06509, -0.13941, 0.03261, 0.00021, 0.01728, -0.10207, -0.05435, 0.16632, 0.04070, -0.02093, 0.00191, 0.00599, -0.12808, 0.10392, 0.06925, -0.03203, 0.15342, -0.11754, 0.09203, -0.12237, -0.47402, 0.48043, -0.21239, 0.17486
-0.00428, -0.00428, -0.00428, -0.00428, -0.27308, 0.26632, -0.04340, 0.09160, 0.08635, -0.19120, 0.04679, 0.08573, 0.02620, 0.00522, -0.01489, 0.01579, 0.01802, 0.00945, -0.01506, -0.07094, -0.03655, 0.13993, 0.06146, -0.14057, 0.05536, -0.03169, 0.02319, -0.00863, 0.53593, -0.49687, -0.05680, 0.01178, 0.02492, -0.01735, -0.00436, -0.02438, -0.26476, 0.08906, 0.29287, -0.17831
-0.00148, -0.00148, -0.00148, -0.00148, 0.28355, -0.21734, 0.11710, -0.05817, 0.09803, -0.27929, 0.00463, 0.18689, 0.02065, 0.03431, -0.03125, 0.00809, -0.03695, -0.00083, -0.05206, 0.08134, 0.13961, -0.00756, -0.12761, 0.02068, -0.00540, 0.01466, 0.03541, -0.08019, -0.18222, 0.18867, 0.01764, 0.02566, -0.07029, 0.06278, -0.01020, -0.00783, -0.13964, -0.09671, 0.56643, -0.49665
0.85114, -0.08202, -0.43428, -0.26021, 0.01866, 0.01866, 0.01866, 0.01866, 0.01866, 0.01866, 0.01866, 0.01866, 0.01866, 0.01866, 0.01866, 0.01866, 0.01866, 0.01866, 0.01866, 0.01866, 0.01866, 0.01866, 0.01866, 0.01866, 0.01866, 0.01866, 0.01866, 0.01866, 0.01866, 0.01866, 0.01866, 0.01866, 0.01866, 0.01866, 0.01866, 0.01866, 0.01866, 0.01866, 0.01866, 0.01866
0.00000, -0.52940, -0.38039, 0.60511, -0.07617, -0.07617, -0.07617, -0.07617, -0.07617, -0.07617, -0.07617, -0.07617, -0.07617, -0.07617, -0.07617, -0.07617, -0.07617, -0.07617, -0.07617, -0.07617, -0.07617, -0.07617, -0.07617, -0.07617, -0.07617, -0.07617, -0.07617, -0.07617, -0.07617, -0.07617, -0.07617, -0.07617, -0.07617, -0.07617, -0.07617, -0.07617, -0.07617, -0.07617, -0.07617, -0.07617
0.00000, -0.10823, 0.16741, -0.58385, -0.13117, -0.13117, -0.13117, -0.13117, -0.13117, -0.13117, -0.13117, -0.13117, -0.13117, -0.13117, -0.13117, -0.13117, -0.13117, -0.13117, -0.13117, -0.13117, -0.13117, -0.13117, -0.13117, -0.13117, -0.13117, -0.13117, -0.13117, -0.13117, -0.13117, -0.13117, -0.13117, -0.13117, -0.13117, -0.13117, -0.13117, -0.13117, -0.13117, -0.13117, -0.13117, -0.13117
0.22487, -0.69014, 0.64318, -0.01567, 0.04056, 0.04056, 0.04056, 0.04056, 0.04056, 0.04056, 0.04056, 0.04056, 0.04056, 0.04056, 0.04056, 0.04056, 0.04056, 0.04056, 0.04056, 0.04056, 0.04056, 0.04056, 0.04056, 0.04056, 0.04056, 0.04056, 0.04056, 0.04056, 0.04056, 0.04056, 0.04056, 0.04056, 0.04056, 0.04056, 0.04056, 0.04056, 0.04056, 0.04056, 0.04056, 0.04056

